[[	0,	0.5,	0.090909090909091,	0.290909090909091,	0.6,	0.1,	0.041666666666667,	0.233766233766234,	1.33333333333333,	1,	0.13448275862069,	0.208333333333333,	0.208333333333333,	0.333333333333333,	1,	1,	0.541666666666667,	1,	0.2,	0.271428571428571,	0.076923076923077,	0.541666666666667,	0.166666666666667,	0.361111111111111,	0.25,	1.07692307692307,	1.04166666666666,	1.04166666666666,	1.04166666666666,	1.04166666666666,	1,	0.541666666666667,	1.134482759	],
[	0.5,	0,	0.5,	0.7,	0.833333333333333,	0.333333333333333,	1,	0.642857142857143,	0.976190476190476,	0.666666666666667,	1,	1.16666666666666,	1.16666666666666,	1.33333333333333,	1.14285714285714,	0.5,	1.5,	1.5,	1.2,	1.1,	1.16666666666666,	1.5,	0.666666666666667,	1.11111111111111,	1,	2.16666666666666,	2,	2,	2,	2,	1.5,	1.5,	2	],
[	0.090909090909091,	0.5,	0,	0.2,	0.4,	0.038461538461538,	0.052631578947368,	0.142857142857143,	0.476190476190476,	0.371794871794872,	0.083333333333333,	0.219298245614035,	0.219298245614035,	0.385964912280702,	0.25,	0.205128205128205,	0.552631578947368,	1.09090909090909,	0.571428571428571,	0.5,	0.642857142857143,	0.552631578947368,	0.257575757575758,	1.05263157894736,	0.340909090909091,	1.64285714285714,	1.5,	0.833333333333333,	1.08333333333333,	1.05263157894736,	1.09090909090909,	0.552631578947368,	1.083333333	],
[	0.290909090909091,	0.7,	0.2,	0,	0.2,	0.7,	0.252631578947368,	0.342857142857143,	0.676190476190476,	1.29090909090909,	0.283333333333333,	0.419298245614035,	1.2,	0.624242424242424,	0.45,	1.29090909090909,	1.2,	1.29090909090909,	0.490909090909091,	0.7,	0.367832167832168,	0.752631578947368,	0.457575757575758,	1.25263157894736,	1.7,	1.84285714285714,	1.25263157894736,	1.25263157894736,	1.25263157894736,	1.25263157894736,	1.29090909090909,	0.752631578947368,	1.283333333	],
[	0.6,	0.833333333333333,	0.4,	0.2,	0,	0.5,	1,	0.542857142857143,	1.16666666666666,	0.833333333333333,	0.53448275862069,	1.16666666666666,	1,	1.33333333333333,	1.14285714285714,	0.666666666666667,	1,	1.6,	1.2,	1.1,	1.16666666666666,	1.5,	0.766666666666667,	2,	1.5,	2.16666666666666,	2,	2,	2,	2,	1.6,	1.5,	1.534482759	],
[	0.1,	0.333333333333333,	0.038461538461538,	0.7,	0.5,	0,	0.033333333333333,	0.181318681318681,	0.666666666666667,	0.333333333333333,	0.03448275862069,	0.2,	0.2,	0.366666666666667,	0.176190476190476,	0.166666666666667,	1.5,	1.1,	1,	1.07142857142857,	0.2,	0.533333333333333,	0.266666666666667,	1.11111111111111,	1,	1.2,	1.03333333333333,	1.03333333333333,	1.03448275862069,	1.03333333333333,	1.1,	0.533333333333333,	1.03448275862069	],
[	0.041666666666667,	1,	0.052631578947368,	0.252631578947368,	1,	0.033333333333333,	0,	0.195488721804511,	0.528822055137845,	0.366666666666667,	1,	0.166666666666667,	0.166666666666667,	0.333333333333333,	0.142857142857143,	0.2,	0.5,	1.04166666666666,	0.2,	0.1,	0.166666666666667,	0.5,	0.208333333333333,	1,	1.11111111111111,	1.16666666666666,	1,	1,	1,	1,	1.04166666666666,	0.5,	2	],
[	0.233766233766234,	0.642857142857143,	0.142857142857143,	0.342857142857143,	0.542857142857143,	0.181318681318681,	0.195488721804511,	0,	0.333333333333333,	0.666666666666667,	0.25,	0.362155388471178,	0.362155388471178,	0.567099567099567,	0.392857142857143,	0.583333333333333,	0.695488721804511,	1.23376623376623,	0.433766233766234,	0.642857142857143,	0.310689310689311,	0.695488721804511,	0.4004329004329,	1.19548872180451,	1.64285714285714,	1.78571428571428,	1.19548872180451,	1.19548872180451,	1.25,	1.19548872180451,	1.23376623376623,	0.695488721804511,	1.25	],
[	1.33333333333333,	0.976190476190476,	0.476190476190476,	0.676190476190476,	1.16666666666666,	0.666666666666667,	0.528822055137845,	0.333333333333333,	0,	0.333333333333333,	0.583333333333333,	1.5,	1.33333333333333,	1.66666666666666,	0.726190476190476,	0.916666666666667,	2.16666666666666,	2.33333333333333,	1.66666666666666,	0.976190476190476,	1.41025641025641,	1.875,	1.5,	1.69444444444444,	1.66666666666666,	2.41025641025641,	1.97619047619047,	1.30952380952381,	1.58333333333333,	2.375,	2.33333333333333,	1.02882205513784,	1.583333333	],
[	1,	0.666666666666667,	0.371794871794872,	1.29090909090909,	0.833333333333333,	0.333333333333333,	0.366666666666667,	0.666666666666667,	0.333333333333333,	0,	0.367816091954023,	1.16666666666666,	1,	1.33333333333333,	2,	0.5,	1.83333333333333,	2,	1.2,	0.871794871794872,	1.07692307692307,	0.866666666666667,	1.16666666666666,	1.36666666666666,	1.25,	2.07692307692307,	2.04166666666666,	1.36666666666666,	1.36781609195402,	2.04166666666666,	2,	1.54166666666666,	1.367816092	],
[	0.13448275862069,	1,	0.083333333333333,	0.283333333333333,	0.53448275862069,	0.03448275862069,	1,	0.25,	0.583333333333333,	0.367816091954023,	0,	1.16666666666666,	1.16666666666666,	1.33333333333333,	0.25,	0.333333333333333,	1.5,	2.5,	1.2,	1.1,	1.16666666666666,	1.5,	1.66666666666666,	2,	1.03448275862069,	2.16666666666666,	2,	2,	1,	2,	2.5,	1.5,	1	],
[	0.208333333333333,	1.16666666666666,	0.219298245614035,	0.419298245614035,	1.16666666666666,	0.2,	0.166666666666667,	0.362155388471178,	1.5,	1.16666666666666,	1.16666666666666,	0,	0.166666666666667,	0.5,	0.30952380952381,	1.20833333333333,	0.666666666666667,	1.20833333333333,	0.366666666666667,	0.266666666666667,	0.333333333333333,	0.666666666666667,	0.375,	1.16666666666666,	0.458333333333333,	1.33333333333333,	1.16666666666666,	1.16666666666666,	1.16666666666666,	1.16666666666666,	1.20833333333333,	0.666666666666667,	2.166666667	],
[	0.208333333333333,	1.16666666666666,	0.219298245614035,	1.2,	1,	0.2,	0.166666666666667,	0.362155388471178,	1.33333333333333,	1,	1.16666666666666,	0.166666666666667,	0,	0.5,	0.30952380952381,	1.20833333333333,	2,	1.20833333333333,	0.366666666666667,	0.266666666666667,	0.333333333333333,	0.666666666666667,	0.375,	1.16666666666666,	0.458333333333333,	1.33333333333333,	1.16666666666666,	1.16666666666666,	1.16666666666666,	1.16666666666666,	1.20833333333333,	0.666666666666667,	2.166666667	],
[	0.333333333333333,	1.33333333333333,	0.385964912280702,	0.624242424242424,	1.33333333333333,	0.366666666666667,	0.333333333333333,	0.567099567099567,	1.66666666666666,	1.33333333333333,	1.33333333333333,	0.5,	0.5,	0,	0.166666666666667,	0.266666666666667,	0.833333333333333,	1.33333333333333,	0.533333333333333,	0.433333333333333,	0.5,	0.833333333333333,	0.5,	1.33333333333333,	0.583333333333333,	1.5,	1.33333333333333,	1.33333333333333,	1.33333333333333,	1.33333333333333,	1.33333333333333,	0.833333333333333,	1.416666667	],
[	1,	1.14285714285714,	0.25,	0.45,	1.14285714285714,	0.176190476190476,	0.142857142857143,	0.392857142857143,	0.726190476190476,	2,	0.25,	0.30952380952381,	0.30952380952381,	0.166666666666667,	0,	0.1,	0.642857142857143,	2,	0.342857142857143,	0.242857142857143,	0.30952380952381,	0.642857142857143,	1.16666666666666,	1.14285714285714,	1.25,	1.30952380952381,	1.14285714285714,	1.14285714285714,	1.25,	1.14285714285714,	2,	0.642857142857143,	1.25	],
[	1,	0.5,	0.205128205128205,	1.29090909090909,	0.666666666666667,	0.166666666666667,	0.2,	0.583333333333333,	0.916666666666667,	0.5,	0.333333333333333,	1.20833333333333,	1.20833333333333,	0.266666666666667,	0.1,	0,	1.66666666666666,	2,	1.2,	0.705128205128205,	1.07692307692307,	0.7,	1.16666666666666,	1.2,	1.25,	2.07692307692307,	2.04166666666666,	1.2,	1.33333333333333,	2.04166666666666,	2,	1.54166666666666,	1.333333333	],
[	0.541666666666667,	1.5,	0.552631578947368,	1.2,	1,	1.5,	0.5,	0.695488721804511,	2.16666666666666,	1.83333333333333,	1.5,	0.666666666666667,	2,	0.833333333333333,	0.642857142857143,	1.66666666666666,	0,	1.54166666666666,	1.07142857142857,	1,	1.14285714285714,	1,	2,	1.5,	2.5,	1.66666666666666,	2,	1.33333333333333,	1.5,	1.5,	2,	1,	2.5	],
[	1,	1.5,	1.09090909090909,	1.29090909090909,	1.6,	1.1,	1.04166666666666,	1.23376623376623,	2.33333333333333,	2,	2.5,	1.20833333333333,	1.20833333333333,	1.33333333333333,	2,	2,	1.54166666666666,	0,	1,	1.07142857142857,	1,	1.54166666666666,	1,	2,	1.25,	2,	2.5,	2.04166666666666,	2.04166666666666,	2.04166666666666,	2,	1.54166666666666,	3.5	],
[	0.2,	1.2,	0.571428571428571,	0.490909090909091,	1.2,	1,	0.2,	0.433766233766234,	1.66666666666666,	1.2,	1.2,	0.366666666666667,	0.366666666666667,	0.533333333333333,	0.342857142857143,	1.2,	1.07142857142857,	1,	0,	0.071428571428571,	0.214285714285714,	0.7,	1,	1.11111111111111,	1,	1.21428571428571,	1.07142857142857,	0.404761904761905,	1.2,	1.2,	1.2,	0.7,	2.034482759	],
[	0.271428571428571,	1.1,	0.5,	0.7,	1.1,	1.07142857142857,	0.1,	0.642857142857143,	0.976190476190476,	0.871794871794872,	1.1,	0.266666666666667,	0.266666666666667,	0.433333333333333,	0.242857142857143,	0.705128205128205,	1,	1.07142857142857,	0.071428571428571,	0,	0.142857142857143,	0.083333333333333,	1,	0.416666666666667,	1.07142857142857,	1.14285714285714,	1,	0.333333333333333,	1.1,	1.1,	1,	0.6,	1.583333333	],
[	0.076923076923077,	1.16666666666666,	0.642857142857143,	0.367832167832168,	1.16666666666666,	0.2,	0.166666666666667,	0.310689310689311,	1.41025641025641,	1.07692307692307,	1.16666666666666,	0.333333333333333,	0.333333333333333,	0.5,	0.30952380952381,	1.07692307692307,	1.14285714285714,	1,	0.214285714285714,	0.142857142857143,	0,	0.666666666666667,	0.111111111111111,	1,	1.11111111111111,	1,	1.5,	0.476190476190476,	1.16666666666666,	1.16666666666666,	1.07692307692307,	0.666666666666667,	2.166666667	],
[	0.541666666666667,	1.5,	0.552631578947368,	0.752631578947368,	1.5,	0.533333333333333,	0.5,	0.695488721804511,	1.875,	0.866666666666667,	1.5,	0.666666666666667,	0.666666666666667,	0.833333333333333,	0.642857142857143,	0.7,	1,	1.54166666666666,	0.7,	0.083333333333333,	0.666666666666667,	0,	1.08333333333333,	0.333333333333333,	0.444444444444444,	1.22619047619047,	1.08333333333333,	1,	1.5,	1.5,	1.08333333333333,	1,	2.5	],
[	0.166666666666667,	0.666666666666667,	0.257575757575758,	0.457575757575758,	0.766666666666667,	0.266666666666667,	0.208333333333333,	0.4004329004329,	1.5,	1.16666666666666,	1.66666666666666,	0.375,	0.375,	0.5,	1.16666666666666,	1.16666666666666,	2,	1,	1,	1,	0.111111111111111,	1.08333333333333,	0,	1.11111111111111,	0.416666666666667,	1.11111111111111,	2,	1.33333333333333,	1.20833333333333,	1.20833333333333,	1.16666666666666,	0.708333333333333,	2.666666667	],
[	0.361111111111111,	1.11111111111111,	1.05263157894736,	1.25263157894736,	2,	1.11111111111111,	1,	1.19548872180451,	1.69444444444444,	1.36666666666666,	2,	1.16666666666666,	1.16666666666666,	1.33333333333333,	1.14285714285714,	1.2,	1.5,	2,	1.11111111111111,	0.416666666666667,	1,	0.333333333333333,	1.11111111111111,	0,	0.111111111111111,	2,	2,	1.33333333333333,	2,	2,	1.41666666666666,	1.5,	3	],
[	0.25,	1,	0.340909090909091,	1.7,	1.5,	1,	1.11111111111111,	1.64285714285714,	1.66666666666666,	1.25,	1.03448275862069,	0.458333333333333,	0.458333333333333,	0.583333333333333,	1.25,	1.25,	2.5,	1.25,	1,	1.07142857142857,	1.11111111111111,	0.444444444444444,	0.416666666666667,	0.111111111111111,	0,	1.32692307692307,	2.07142857142857,	1.4047619047619,	2.03448275862069,	0.5,	1.25,	0.791666666666667,	1.5	],
[	1.07692307692307,	2.16666666666666,	1.64285714285714,	1.84285714285714,	2.16666666666666,	1.2,	1.16666666666666,	1.78571428571428,	2.41025641025641,	2.07692307692307,	2.16666666666666,	1.33333333333333,	1.33333333333333,	1.5,	1.30952380952381,	2.07692307692307,	1.66666666666666,	2,	1.21428571428571,	1.14285714285714,	1,	1.22619047619047,	1.11111111111111,	2,	1.32692307692307,	0,	0.5,	2,	2.16666666666666,	2.16666666666666,	1,	1.66666666666666,	3.166666667	],
[	1.04166666666666,	2,	1.5,	1.25263157894736,	2,	1.03333333333333,	1,	1.19548872180451,	1.97619047619047,	2.04166666666666,	2,	1.16666666666666,	1.16666666666666,	1.33333333333333,	1.14285714285714,	2.04166666666666,	2,	2.5,	1.07142857142857,	1,	1.5,	1.08333333333333,	2,	2,	2.07142857142857,	0.5,	0,	1.33333333333333,	2,	2,	2,	1.5,	3	],
[	1.04166666666666,	2,	0.833333333333333,	1.25263157894736,	2,	1.03333333333333,	1,	1.19548872180451,	1.30952380952381,	1.36666666666666,	2,	1.16666666666666,	1.16666666666666,	1.33333333333333,	1.14285714285714,	1.2,	1.33333333333333,	2.04166666666666,	0.404761904761905,	0.333333333333333,	0.476190476190476,	1,	1.33333333333333,	1.33333333333333,	1.4047619047619,	2,	1.33333333333333,	0,	2,	2,	1,	1.5,	3	],
[	1.04166666666666,	2,	1.08333333333333,	1.25263157894736,	2,	1.03448275862069,	1,	1.25,	1.58333333333333,	1.36781609195402,	1,	1.16666666666666,	1.16666666666666,	1.33333333333333,	1.25,	1.33333333333333,	1.5,	2.04166666666666,	1.2,	1.1,	1.16666666666666,	1.5,	1.20833333333333,	2,	2.03448275862069,	2.16666666666666,	2,	2,	0,	2,	2.04166666666666,	1.5,	2	],
[	1.04166666666666,	2,	1.05263157894736,	1.25263157894736,	2,	1.03333333333333,	1,	1.19548872180451,	2.375,	2.04166666666666,	2,	1.16666666666666,	1.16666666666666,	1.33333333333333,	1.14285714285714,	2.04166666666666,	1.5,	2.04166666666666,	1.2,	1.1,	1.16666666666666,	1.5,	1.20833333333333,	2,	0.5,	2.16666666666666,	2,	2,	2,	0,	2.04166666666666,	1.5,	1	],
[	1,	1.5,	1.09090909090909,	1.29090909090909,	1.6,	1.1,	1.04166666666666,	1.23376623376623,	2.33333333333333,	2,	2.5,	1.20833333333333,	1.20833333333333,	1.33333333333333,	2,	2,	2,	2,	1.2,	1,	1.07692307692307,	1.08333333333333,	1.16666666666666,	1.41666666666666,	1.25,	1,	2,	1,	2.04166666666666,	2.04166666666666,	0,	1.54166666666666,	3.5	],
[	0.541666666666667,	1.5,	0.552631578947368,	0.752631578947368,	1.5,	0.533333333333333,	0.5,	0.695488721804511,	1.02882205513784,	1.54166666666666,	1.5,	0.666666666666667,	0.666666666666667,	0.833333333333333,	0.642857142857143,	1.54166666666666,	1,	1.54166666666666,	0.7,	0.6,	0.666666666666667,	1,	0.708333333333333,	1.5,	0.791666666666667,	1.66666666666666,	1.5,	1.5,	1.5,	1.5,	1.54166666666666,	0,	2.5	],
[	1.13448275862069,	2,	1.08333333333333,	1.28333333333333,	1.53448275862069,	1.03448275862069,	2,	1.25,	1.58333333333333,	1.36781609195402,	1,	2.16666666666666,	2.16666666666666,	1.41666666666666,	1.25,	1.33333333333333,	2.5,	3.5,	2.03448275862069,	1.58333333333333,	2.16666666666666,	2.5,	2.66666666666666,	3,	1.5,	3.16666666666666,	3,	3,	2,	1,	3.5,	2.5,	0	]]
